750
56
795 796
543 544
993 995
740 744
846 847
452 454
512 513
386 388
368 371
259 262
200 204
716 717
800 801
114 115
840 841
620 622
339 341
474 475
861 862
470 471
231 234
153 155
343 344
466 469
818 824
163 165
99 101
129 130
91 93
401 402
313
660 661
422 424
510 511
6 8
481 482
788 789
982 984
134 137
382 383
615 617
54 55
958 960
161 162
438 443
631 632
409 410
359 363
813 814
808 810
990 991
289 290
894 897
49 51
816 817
662 664
866 868
572 573
902 903
668 670
912 915
407 408
735 737
977 979
297 304
937 940
27 30
31 32
151 152
837 838
929 930
147 150
536
714 715
688
138 143
387
345 350
545 547
879 881
857 858
413 414
180 182
834 835
273 280
415 417
457
96 97
973 974
697 698
609 612
168 169
40 44
105 108
947 949
375 376
701 703
675 676
243 244
15 18
956 957
403 405
183 185
805 806
521 522
10 12
156 157
537 542
455 458
873 876
118 119
71 72
434 437
5
131 133
564 566
825 828
774 781
962
618 619
436
337 338
246 248
70
695 696
198 199
238 242
832 833
390 392
353 355
815
728
249 250
726 731
853 856
850
681 683
214 215
759 760
372 373
285 288
94 95
871 872
720 721
811
78
286
103
765 769
324 327
116 117
812
916 918
994
490 492
226 227
710 711
637 643
20 26
581 582
517 518
66 67
256 257
236 237
459 461
589 590
86 88
472
919 920
52 53
494 495
583 585
899
330 331
394 395
562 563
553 558
217
46 47
797 798
306 307
961 965
171 172
80 82
771
560
576
0 2
996 999
428 432
628 630
144 146
252 253
932 934
923
889
665 666
509
557
528 529
188 190
534 535
793 794
464 465
779
657 659
751 752
501 503
584
684 685
102 104
320
770 773
451
745
173 175
191 195
179
601 603
523 524
673 674
924
753 758
906
775
22
761
985 988
802
270 271
723
499
532
149
59 61
941 943
87
223 224
484 487
158 160
468
216
476 478
126 128
266 269
651 653
884 885
705 709
579 580
525 527
90
314
4
588
645
35
460
654
109
820
181
546
404
370
68 69
296
633 634
34
762 763
444 445
952 953
595 598
300
89
878
852
335 336
281
228
942
568 571
497
263 264
36 37
739
447 449
113
287
606
13
567
23
663
480
896
638
706
836
277
624 625
310 318
539
508
967 968
880
196
254
718
599 600
202
910 911
799
167
686 689
559
887
197
980 981
381
848
219
278
123 124
927 928
139
550
125
951
570
241
218 221
48
964
605
867
328
671
247
255
855
25
602
384 385
57 58
555
890
493
551
38
211
905
463
548 552
275
561
272
321 322
76 79
127
365 366
50
479
64 65
433
41
635 636
936
803
485
921
11
604
28
882 883
913
746
607 608
462
81
450
891 892
260
145
768
83
860
21
203
627
849
577 578
201
724
189
969
294
898 901
950
908
712
594
830
502
623
845
367
302
586 587
334
356
992
641
864
997
998
954
939
526
301
488
736
316
644
309
92
514
222
869
416
398 399
166
504
732
749 750
900
426 427
729
922
393
225
629
626
893
347
329
972
154
483
411
148
777
209
19
391
360
473
364
743
648
292
792
467
194
963
7
614
291 295
3
877
348
439
496 498
831
423
756
725
907
206 207
507
430
333
429
187
349
613
727
679
819
616
755
184
541
677
435
268
516
265
823
844
757
500
647
926
754
298
707
98
140
904 909
667
84 85
975
549
945 946
690
389
699 700
208
251
596
106
406
446
650
361
778
332
396
986
530
245
210
319
261
305
400
120
704
279
178
839
708
886
9
60
786
865
669
352
821
970
575
267
692
687
870
213
987
554
456
111
418 419
232
229
421
533
742
233
358
159
610
311
944
719
440
362
142
888
702
925
935
284
597
978
722
827
100
826
24
540
377
863
591
346
193
369
486
875
240
299
804
63
505
176
782 783
442
29
39
933
177
787
658
73
931
274
62
680
412
425
342
656
693
917
874
519
235
611
741
397
283
593
303
776
378
733
672
809
380
565
955
652
640
538
785
121
136
315
212
851
843
822
713
77
983
520
312
655
374
205
807
574
747
678
515
164
780
110
489
323
914
682
842
790
976
491
75
239
738
895
420
45
14
592
43
122
141
646
766
784
791
326
186
276
829
325
441
730
621
453
966
174
1
192
642
357
351
556
431
354
340
107
258
694
938
293
170
531
230
971
859
772
764
132
112
767
649
734
854
379
74
639
691
317
308
282
748
220
989
477
33
135
16
569
959
42
506
948
17
448
