750
944
135
16
454 280
121
373 717
189
724
887
812
729
922
393
859
40 143
169 715
45
794 517
388 876
286
103
439
348
611
741
977 512
869
222
514
765 206
692
267
457
886
708
273 928
787
490 720
446
406
210
245
148
947 271
108 698
531
313
402 385
81
450
228
328
671
776
173 57
346
948
823
460
784
654
865
669
282
303
840 651
60
9
434 337
569
645
652
5
860
18 631
412
584
436
973 607
662 266
817 123
551
493
826
100
74
368 510
581 731
298
754
926
960 59
23
567
596
251
663
604
713
959
414 198
416
332
778
340
107
448
914
323
923
556
153 628
344 563
737 919
827
300
573 810
483
109
820
864
997
290 753
415 828
675 131
966
889
316
736
730
181
129 545
879 595
515
678
747
617 968
489
649
734
75
616
971
722
978
205
350 535
588
583 818
874
424 322
43
122
141
137 264
866 897
658
691
317
357
351
268
435
252 585
202
562 911
939
846 579
157 234
10 238
421
156 390
50
937 824
638
325
285 632
67 630
929 269
534 634
801 68
780
110
938
479
12 793
438 501
162 95
852
878
829
276
42
491
333
430
507
609 782
272
943 126
410 684
63
505
302
559
477
912 762
670 673
804
872 979
896
664 168
140
98
347
893
626
629
543 288
606
13
905
463
727
613
200 465
159
370
404
881 527
680
56
593
283
461 335
334
506
176
80 226
225
327 0
274
420
575
970
807
574
355 967
815
622 961
712
431
744 789
982 774
124 590
494 577
111
716 637
851
697 119
932 957
695 683
378
70
456
28
1
192
513 883
591
832 930
165 582
610
118 769
707
858 834
786
738
239
182 419
374
655
894 941
441
371 599
718
401 487
850
681 36
853 338
726 171
352
760 676
519
235
397
950
908
391
443 218
705 466
951
742
533
899
115 399
475 981
847 54
597
740 910
770 310
361
277
624 940
212
174
704
279
178
839
220
745
451
130 773
139
653 758
155 946
672
686 191
831
833 608
963
7
614
244 949
907
688
258
694
195 523
986
639
647
500
906
48
935
147 568
112
14
592
249 601
931
73
743
146 990
756
423
539
625 548
318 76
521 417
748
526
240
825 711
227 871
405 503
956 759
808 529
134 2
467
194
179
777
209
511 974
11
921
809
77
983
354
995 449
779
455 918
233
358
365 58
646
766
24
99 700
550
733
376 618
319
602
25
855
255
247
917
51 128
594
138 117
387
17
991 999
992
356
933
91 965
553 47
516
605
964
849
627
723
499
532
149
546
203
21
133 838
311
988 158
362
790
976
642
263 904
667
326
791
819
572 699
903 221
557
509
297 476
407 806
400
293
875
164
735 185
38
208
895
243 587
29
842
377
540
763 363
690
665 798
259 578
114 375
845
623
502
830
315
474 152
862 498
994
193
538
196
677
144 927
425
49 901
643 237
136
312
803
764
955
219
278
565
732
504
166
437 71
989
39
342
702
888
706
836
873 65
987
236 882
409 102
320
913
482 353
936
814 816
682
170
746
106
644
309
536
34
433
41
719
440
142
822
528 752
349
856 659
524 564
571 343
497
230
848
381
942
541
184
755
44 395
768
145
835 542
177
520
382 246
530
772
891 248
183 495
216
560
576
62
213
621
693
656
805 696
508
785
186
299
525 163
101 214
321 69
33
336 636
661 331
262 558
383 980
462
469 916
984 85
150 660
275
915 586
885 685
870
975
920 709
739
339 207
389
379
854
30 750
843
453
799
265
270 250
767
867
619 902
83
261
924
650
396
811
78
442
844
31 657
92
260
877
640
821
544 589
292
648
8 788
518 666
120
229
256 892
27 668
32 116
687
380
444 403
20 37
127
422 366
972
329
241
570
473
364
481 61
725
472
88 223
952 428
308
641
232
863
689 291
3
199 909
72 996
125
151 359
284
861 215
566 478
369
953 749
426 552
304 86
394 418
620 84
841 884
962
802
345 180
485
857 600
522 985
549
35
486
792
998
372 934
287
211
925
728
254
701 55
615 427
900
703 66
197
330 958
231 175
281
341 224
796 484
87
561
167
4
880
90
314
612 633
459 64
301
488
413 104
305
89
296
954
6 253
554
15 603
201
679
242 295
113
447 190
775
22
555
93 161
188 306
307 97
993 783
452 172
800 492
408 324
19
674 257
714 898
204 96
411
470 384
105 464
480
537 398
458 79
751 53
392 868
367
386 635
26 781
187
547 710
94 432
471 945
360
132
429
757
771
837 82
969
52 445
813 496
890
289 46
721 580
795 598
154
217
797 160
468
294
761
